0,0
1,0
2,1
3,1
4,1
5,1
6,2
7,2
8,3
9,4
10,5
11,5
12,8
13,7
14,15
15,18
16,23
17,27
18,36
19,44
20,56
21,73
22,89
23,113
24,144
25,171
26,224
27,281
28,349
29,449
30,508
31,658
32,843
33,952
34,1237
35,1244
36,1664
37,2174
38,2088
39,2848
40,2505
41,3403
42,4668
43,3884
44,5450
45,6156
46,5956
47,8455
48,6214
49,9023
50,13068
51,9125
52,13490
53,8721
54,13213
55,19732
56,12278
57,18893
58,18844
59,17264
60,26798
61,15072
62,24025
63,37880
64,20739
65,33346
66,17130
67,28310
68,45996
69,23184
70,38454
71,35708
72,31230
73,52210
74,24430
75,41836
76,60920
77,32483
78,55945
79,24500
80,43223
81,75022
82,32398
83,57355
84,32049
85,42823
86,76222
87,31151
88,56686
89,83489
90,41002
91,74805
92,29140
93,53923
94,98685
95,37987
96,70894
97,26317
98,50070
99,93565
100,34483
101,65543
102,84399
103,45167
104,86024
105,30575
106,59242
107,102277
108,40058
109,77991
110,26702
111,52707
112,102208
113,35083
114,69328
115,57945
116,46134
117,91110
118,30328
119,60915
120,108790
121,40211
122,80267
123,26206
124,52944
125,105671
126,34670
127,70030
128,22602
129,45835
130,92257
131,29963
132,60577
133,85940
134,39737
135,80274
136,26102
137,52881
138,104380
139,34866
140,70454
141,23091
142,46618
143,93923
144,30914
145,62156
146,70389
147,41045
148,82714
149,27229
150,54896
151,104580
152,36514
153,73309
154,24374
155,48780
156,97821
157,32580
158,65193
159,21702
160,43519
161,86961
162,28980
163,57944
164,102393
165,38608
166,77178
167,25438
168,51193
169,102603
170,33627
171,67937
172,22041
173,44724
174,90235
175,29387
176,59469
177,70799
178,38950
179,78946
180,25109
181,51341
182,101449
183,33313
184,68045
185,21222
186,43846
187,89900
188,28040
189,57877
190,23668
191,36904
192,76523
193,23304
194,48896
195,97928
196,30847
197,64697
198,19358
199,41081
200,85942
201,25634
202,54051
203,15906
204,33836
205,71465
206,20833
207,44566
208,68098
209,27554
210,59342
211,16939
212,36521
213,76962
214,22232
215,48392
216,13316
217,29493
218,63847
219,17568
220,38806
221,16171
222,23322
223,51336
224,13655
225,30731
226,66610
227,18061
228,40779
229,10347
230,23920
231,53777
232,13755
233,31744
234,7878
235,18458
236,42414
237,10644
238,24806
239,49964
240,14179
241,32942
242,7995
243,18975
244,43200
245,10755
246,25419
247,6067
248,14573
249,34063
250,8195
251,19623
252,11093
253,11137
254,26259
255,6174
256,14958
257,34914
258,8486
259,20197
260,4706
261,11411
262,27266
263,6397
264,15514
265,3550
266,8729
267,20929
268,4892
269,11848
270,26678
271,6726
272,16212
273,3698
274,9053
275,21726
276,5065
277,12369
278,2726
279,6797
280,16776
281,3785
282,9348
283,9716
284,5185
285,12673
286,2883
287,7082
288,17119
289,3875
290,9665
291,2049
292,5298
293,13186
294,2832
295,7236
296,1466
297,3821
298,9793
299,2047
300,5295
301,13039
302,2855
303,7305
304,1533
305,3944
306,9993
307,2135
308,5521
309,1132
310,2989
311,7590
312,1652
313,4195
314,6611
315,2257
316,5769
317,1162
318,3099
319,7748
320,1661
321,4243
322,852
323,2282
324,5872
325,1173
326,3150
327,950
328,1658
329,4372
330,853
331,2263
332,5992
333,1228
334,3240
335,626
336,1701
337,4527
338,864
339,2351
340,439
341,1206
342,3347
343,639
344,1703
345,3522
346,891
347,2407
348,450
349,1267
350,3439
351,642
352,1726
353,317
354,891
355,2435
356,445
357,1270
358,422
359,639
360,1780
361,313
362,917
363,2552
364,469
365,1313
366,232
367,700
368,1860
369,328
370,938
371,145
372,433
373,1258
374,216
375,618
376,1632
377,302
378,897
379,145
380,447
381,1270
382,231
383,655
384,120
385,340
386,965
387,175
388,509
389,365
390,252
391,706
392,120
393,347
394,979
395,162
396,499
397,57
398,238
399,741
400,124
401,360
402,50
403,168
404,503
405,72
406,238
407,714
408,116
409,354
410,55
411,165
412,532
413,80
414,243
415,32
416,111
417,350
418,48
419,175
420,233
421,84
422,273
423,49
424,146
425,394
426,67
427,196
428,24
429,92
430,284
431,34
432,121
433,19
434,56
435,186
436,26
437,77
438,265
439,41
440,133
441,19
442,62
443,205
444,33
445,107
446,16
447,51
448,154
449,22
450,66
451,139
452,27
453,91
454,14
455,50
456,162
457,25
458,81
459,9
460,35
461,115
462,14
463,49
464,21
465,15
466,64
467,6
468,24
469,100
470,14
471,43
472,6
473,19
474,64
475,9
476,35
477,6
478,20
479,55
480,4
481,21
482,60
483,6
484,28
485,3
486,11
487,39
488,4
489,16
490,5
491,10
492,34
493,5
494,16
495,4
496,10
497,19
498,4
499,10
500,34
501,4
502,18
503,3
504,8
505,25
506,5
507,14
508,2
509,7
510,22
511,5
512,10
513,26
514,6
515,19
516,1
517,9
518,29
519,5
520,19
521,2
522,8
523,23
524,6
525,18
526,3
527,7
528,16
529,6
530,15
531,32
532,8
533,19
534,2
535,7
536,19
537,0
538,5
539,0
540,1
541,10
542,0
543,5
544,20
545,1
546,9
547,0
548,2
549,11
550,2
551,7
552,0
553,1
554,11
555,1
556,3
557,5
558,3
559,6
560,1
561,3
562,10
563,1
564,4
565,0
566,3
567,11
568,0
569,3
570,0
571,0
572,4
573,0
574,1
575,4
576,0
577,3
578,0
579,0
580,4
581,0
582,1
583,0
584,1
585,2
586,0
587,1
588,2
589,0
590,1
591,0
592,0
593,1
594,0
595,1
596,0
597,1
598,2
599,0
600,0
601,1
602,0
603,1
604,0
605,0
606,2
607,0
608,1
609,0
610,0
611,2
612,0
613,1
614,0
615,0
616,3
617,0
618,0
619,0
620,0
621,1
622,0
623,0
624,0
625,0
626,0
627,0
628,0
629,0
630,0
631,0
632,0
633,0
634,0
635,0
636,0
637,0
638,0
639,0
640,0
641,0
642,0
643,0
644,0
645,0
646,0
647,0
648,0
649,0
650,0
651,0
652,0
653,0
654,0
655,0
656,0
657,0
658,0
659,0
660,0
661,0
662,0
663,1
664,0
665,1
666,0
667,0
668,1
669,0
670,0
671,0
672,0
673,0
674,0
675,0
676,0
677,0
678,0
679,0
680,0
681,0
682,0
683,0
684,0
685,0
686,1
687,0
688,0
689,0
690,0
691,0
692,0
693,0
694,0
695,0
696,0
697,0
698,0
699,0
700,0
701,0
702,0
703,0
704,0
705,0
706,0
707,0
708,0
709,0
710,0
711,0
712,0
713,0
714,0
715,0
716,0
717,0
718,0
719,0
720,0
721,0
722,0
723,0
724,0
725,0
726,0
727,0
728,0
729,0
730,0
731,0
732,0
733,0
734,0
735,0
736,0
737,0
738,0
739,0
740,0
741,0
742,0
743,0
744,0
745,0
746,0
747,0
748,0
749,0
750,0
751,0
752,0
753,0
754,0
755,0
756,0
757,0
758,0
759,0
760,0
761,0
762,0
763,0
764,0
765,0
766,0
767,0
768,0
769,0
770,0
771,0
772,0
773,0
774,0
775,0
776,0
777,0
778,0
779,0
780,0
781,0
782,0
783,0
784,0
785,0
786,0
787,0
788,0
789,0
790,0
791,0
792,0
793,0
794,0
795,0
796,0
797,0
798,0
799,0
800,0
801,0
802,0
803,0
804,0
805,0
806,0
807,0
808,0
809,0
810,0
811,0
812,0
813,0
814,0
815,0
816,0
817,0
818,0
819,0
820,0
821,0
822,0
823,0
824,0
825,0
826,0
827,0
828,0
829,0
830,0
831,0
832,0
833,0
834,0
835,0
836,0
837,0
838,0
839,0
840,0
841,0
842,0
843,0
844,0
845,0
846,0
847,0
848,0
849,0
850,0
851,0
852,0
853,0
854,0
855,0
856,0
857,0
858,0
859,0
860,0
861,0
862,0
863,0
864,0
865,0
866,0
867,0
868,0
869,0
870,0
871,0
872,0
873,0
874,0
875,0
876,0
877,0
878,0
879,0
880,0
881,0
882,0
883,0
884,0
885,0
886,0
887,0
888,0
889,0
890,0
891,0
892,0
893,0
894,0
895,0
896,0
897,0
898,0
899,0
900,0
901,0
902,0
903,0
904,0
905,0
906,0
907,0
908,0
909,0
910,0
911,0
912,0
913,0
914,0
915,0
916,0
917,0
918,0
919,0
920,0
921,0
922,0
923,0
924,0
925,0
926,0
927,0
928,0
929,0
930,0
931,0
932,0
933,0
934,0
935,0
936,0
937,0
938,0
939,0
940,0
941,0
942,0
943,0
944,0
945,0
946,0
947,0
948,0
949,0
950,0
951,0
952,0
953,0
954,0
955,0
956,0
957,0
958,0
959,0
960,0
961,0
962,0
963,0
964,0
965,0
966,0
967,0
968,0
969,0
970,0
971,0
972,0
973,0
974,0
975,0
976,0
977,0
978,0
979,0
980,0
981,0
982,0
983,0
984,0
985,0
986,0
987,0
988,0
989,0
990,0
991,0
992,0
993,0
994,0
995,0
996,0
997,0
998,0
999,0
