0,0
1,0
2,1
3,1
4,1
5,1
6,2
7,2
8,4
9,3
10,6
11,6
12,7
13,10
14,13
15,17
16,22
17,25
18,33
19,43
20,56
21,63
22,81
23,73
24,104
25,136
26,126
27,170
28,180
29,197
30,261
31,201
32,277
33,414
34,283
35,416
36,261
37,399
38,619
39,373
40,562
41,627
42,485
43,774
44,399
45,658
46,1047
47,497
48,862
49,377
50,670
51,1126
52,481
53,865
54,938
55,660
56,1172
57,457
58,846
59,1337
60,589
61,1094
62,386
63,759
64,1428
65,497
66,962
67,707
68,637
69,1233
70,402
71,836
72,1465
73,533
74,1079
75,343
76,715
77,1414
78,436
79,904
80,258
81,567
82,1172
83,341
84,728
85,1129
86,469
87,997
88,291
89,617
90,1222
91,392
92,821
93,231
94,501
95,1061
96,319
97,680
98,873
99,419
100,871
101,261
102,556
103,1091
104,339
105,728
106,204
107,429
108,929
109,290
110,619
111,171
112,377
113,809
114,240
115,501
116,863
117,312
118,652
119,205
120,433
121,911
122,299
123,606
124,213
125,415
126,835
127,286
128,575
129,618
130,408
131,769
132,292
133,550
134,1060
135,383
136,738
137,268
138,506
139,958
140,342
141,657
142,301
143,477
144,923
145,298
146,593
147,1146
148,381
149,776
150,247
151,508
152,999
153,319
154,656
155,207
156,417
157,847
158,253
159,538
160,781
161,338
162,714
163,190
164,435
165,921
166,253
167,569
168,139
169,325
170,754
171,199
172,443
173,148
174,252
175,581
176,151
177,337
178,749
179,197
180,462
181,112
182,257
183,615
184,148
185,347
186,82
187,202
188,485
189,116
190,286
191,581
192,149
193,357
194,78
195,195
196,476
197,95
198,249
199,45
200,132
201,341
202,56
203,160
204,79
205,79
206,230
207,36
208,120
209,324
210,59
211,165
212,17
213,66
214,205
215,26
216,91
217,10
218,33
219,129
220,19
221,62
222,197
223,27
224,100
225,9
226,37
227,121
228,21
229,61
230,6
231,26
232,93
233,13
234,39
235,43
236,21
237,68
238,14
239,37
240,96
241,15
242,45
243,13
244,31
245,79
246,16
247,41
248,6
249,20
250,49
251,6
252,32
253,72
254,13
255,43
256,6
257,19
258,54
259,7
260,27
261,4
262,11
263,37
264,7
265,16
266,34
267,9
268,25
269,5
270,11
271,28
272,6
273,20
274,2
275,8
276,31
277,3
278,11
279,3
280,4
281,14
282,1
283,6
284,21
285,2
286,8
287,0
288,2
289,12
290,0
291,2
292,0
293,0
294,7
295,0
296,2
297,7
298,0
299,2
300,0
301,0
302,10
303,0
304,3
305,0
306,2
307,10
308,2
309,3
310,0
311,2
312,7
313,0
314,3
315,7
316,0
317,3
318,0
319,0
320,4
321,0
322,2
323,0
324,1
325,4
326,0
327,0
328,3
329,0
330,1
331,0
332,0
333,3
334,0
335,1
336,0
337,0
338,1
339,0
340,1
341,0
342,0
343,0
344,0
345,0
346,0
347,0
348,0
349,0
350,0
351,1
352,0
353,0
354,0
355,0
356,0
357,0
358,0
359,0
360,0
361,0
362,0
363,0
364,0
365,0
366,0
367,0
368,0
369,0
370,0
371,0
372,0
373,0
374,0
375,0
376,0
377,0
378,0
379,0
380,0
381,0
382,0
383,0
384,0
385,0
386,0
387,0
388,0
389,0
390,0
391,0
392,0
393,0
394,0
395,0
396,0
397,0
398,0
399,0
400,0
401,0
402,0
403,0
404,0
405,0
406,0
407,0
408,0
409,0
410,0
411,0
412,0
413,0
414,0
415,0
416,0
417,0
418,0
419,0
420,0
421,0
422,0
423,0
424,0
425,0
426,0
427,0
428,0
429,0
430,0
431,0
432,0
433,0
434,0
435,0
436,0
437,0
438,0
439,0
440,0
441,0
442,0
443,0
444,0
445,0
446,0
447,0
448,0
449,0
450,0
451,0
452,0
453,0
454,0
455,0
456,0
457,0
458,0
459,0
460,0
461,0
462,0
463,0
464,0
465,0
466,0
467,0
468,0
469,0
470,0
471,0
472,0
473,0
474,0
475,0
476,0
477,0
478,0
479,0
480,0
481,0
482,0
483,0
484,0
485,0
486,0
487,0
488,0
489,0
490,0
491,0
492,0
493,0
494,0
495,0
496,0
497,0
498,0
499,0
500,0
501,0
502,0
503,0
504,0
505,0
506,0
507,0
508,0
509,0
510,0
511,0
512,0
513,0
514,0
515,0
516,0
517,0
518,0
519,0
520,0
521,0
522,0
523,0
524,0
525,0
526,0
527,0
528,0
529,0
530,0
531,0
532,0
533,0
534,0
535,0
536,0
537,0
538,0
539,0
540,0
541,0
542,0
543,0
544,0
545,0
546,0
547,0
548,0
549,0
550,0
551,0
552,0
553,0
554,0
555,0
556,0
557,0
558,0
559,0
560,0
561,0
562,0
563,0
564,0
565,0
566,0
567,0
568,0
569,0
570,0
571,0
572,0
573,0
574,0
575,0
576,0
577,0
578,0
579,0
580,0
581,0
582,0
583,0
584,0
585,0
586,0
587,0
588,0
589,0
590,0
591,0
592,0
593,0
594,0
595,0
596,0
597,0
598,0
599,0
600,0
601,0
602,0
603,0
604,0
605,0
606,0
607,0
608,0
609,0
610,0
611,0
612,0
613,0
614,0
615,0
616,0
617,0
618,0
619,0
620,0
621,0
622,0
623,0
624,0
625,0
626,0
627,0
628,0
629,0
630,0
631,0
632,0
633,0
634,0
635,0
636,0
637,0
638,0
639,0
640,0
641,0
642,0
643,0
644,0
645,0
646,0
647,0
648,0
649,0
650,0
651,0
652,0
653,0
654,0
655,0
656,0
657,0
658,0
659,0
660,0
661,0
662,0
663,0
664,0
665,0
666,0
667,0
668,0
669,0
670,0
671,0
672,0
673,0
674,0
675,0
676,0
677,0
678,0
679,0
680,0
681,0
682,0
683,0
684,0
685,0
686,0
687,0
688,0
689,0
690,0
691,0
692,0
693,0
694,0
695,0
696,0
697,0
698,0
699,0
700,0
701,0
702,0
703,0
704,0
705,0
706,0
707,0
708,0
709,0
710,0
711,0
712,0
713,0
714,0
715,0
716,0
717,0
718,0
719,0
720,0
721,0
722,0
723,0
724,0
725,0
726,0
727,0
728,0
729,0
730,0
731,0
732,0
733,0
734,0
735,0
736,0
737,0
738,0
739,0
740,0
741,0
742,0
743,0
744,0
745,0
746,0
747,0
748,0
749,0
750,0
751,0
752,0
753,0
754,0
755,0
756,0
757,0
758,0
759,0
760,0
761,0
762,0
763,0
764,0
765,0
766,0
767,0
768,0
769,0
770,0
771,0
772,0
773,0
774,0
775,0
776,0
777,0
778,0
779,0
780,0
781,0
782,0
783,0
784,0
785,0
786,0
787,0
788,0
789,0
790,0
791,0
792,0
793,0
794,0
795,0
796,0
797,0
798,0
799,0
800,0
801,0
802,0
803,0
804,0
805,0
806,0
807,0
808,0
809,0
810,0
811,0
812,0
813,0
814,0
815,0
816,0
817,0
818,0
819,0
820,0
821,0
822,0
823,0
824,0
825,0
826,0
827,0
828,0
829,0
830,0
831,0
832,0
833,0
834,0
835,0
836,0
837,0
838,0
839,0
840,0
841,0
842,0
843,0
844,0
845,0
846,0
847,0
848,0
849,0
850,0
851,0
852,0
853,0
854,0
855,0
856,0
857,0
858,0
859,0
860,0
861,0
862,0
863,0
864,0
865,0
866,0
867,0
868,0
869,0
870,0
871,0
872,0
873,0
874,0
875,0
876,0
877,0
878,0
879,0
880,0
881,0
882,0
883,0
884,0
885,0
886,0
887,0
888,0
889,0
890,0
891,0
892,0
893,0
894,0
895,0
896,0
897,0
898,0
899,0
900,0
901,0
902,0
903,0
904,0
905,0
906,0
907,0
908,0
909,0
910,0
911,0
912,0
913,0
914,0
915,0
916,0
917,0
918,0
919,0
920,0
921,0
922,0
923,0
924,0
925,0
926,0
927,0
928,0
929,0
930,0
931,0
932,0
933,0
934,0
935,0
936,0
937,0
938,0
939,0
940,0
941,0
942,0
943,0
944,0
945,0
946,0
947,0
948,0
949,0
950,0
951,0
952,0
953,0
954,0
955,0
956,0
957,0
958,0
959,0
960,0
961,0
962,0
963,0
964,0
965,0
966,0
967,0
968,0
969,0
970,0
971,0
972,0
973,0
974,0
975,0
976,0
977,0
978,0
979,0
980,0
981,0
982,0
983,0
984,0
985,0
986,0
987,0
988,0
989,0
990,0
991,0
992,0
993,0
994,0
995,0
996,0
997,0
998,0
999,0