0,0
1,0
2,1
3,1
4,1
5,1
6,2
7,2
8,4
9,4
10,6
11,6
12,8
13,10
14,14
15,18
16,24
17,29
18,35
19,43
20,57
21,63
22,81
23,80
24,105
25,138
26,124
27,171
28,186
29,195
30,268
31,201
32,289
33,416
34,290
35,428
36,261
37,408
38,618
39,371
40,571
41,629
42,483
43,782
44,400
45,652
46,1050
47,510
48,863
49,384
50,672
51,1148
52,496
53,879
54,935
55,660
56,1158
57,458
58,847
59,1337
60,588
61,1101
62,391
63,756
64,1424
65,503
66,975
67,703
68,637
69,1250
70,408
71,831
72,1467
73,536
74,1073
75,343
76,720
77,1417
78,439
79,908
80,252
81,559
82,1181
83,341
84,729
85,1130
86,467
87,1002
88,287
89,622
90,1234
91,385
92,820
93,227
94,499
95,1060
96,312
97,676
98,878
99,421
100,860
101,255
102,555
103,1091
104,351
105,719
106,205
107,429
108,938
109,283
110,614
111,175
112,380
113,807
114,234
115,492
116,870
117,311
118,647
119,207
120,430
121,919
122,296
123,603
124,210
125,417
126,826
127,292
128,579
129,608
130,405
131,778
132,295
133,559
134,1052
135,383
136,730
137,263
138,502
139,959
140,337
141,658
142,297
143,468
144,910
145,300
146,593
147,1148
148,389
149,780
150,245
151,501
152,995
153,313
154,645
155,202
156,417
157,853
158,252
159,536
160,782
161,337
162,711
163,193
164,431
165,913
166,250
167,563
168,141
169,329
170,753
171,199
172,434
173,149
174,254
175,576
176,150
177,338
178,745
179,195
180,452
181,109
182,259
183,609
184,149
185,351
186,84
187,198
188,481
189,114
190,278
191,573
192,150
193,360
194,73
195,195
196,472
197,93
198,246
199,47
200,128
201,340
202,55
203,163
204,82
205,74
206,226
207,37
208,121
209,319
210,58
211,165
212,18
213,63
214,205
215,27
216,92
217,9
218,36
219,129
220,19
221,62
222,195
223,27
224,97
225,9
226,38
227,126
228,19
229,59
230,6
231,24
232,90
233,11
234,40
235,43
236,22
237,68
238,12
239,35
240,96
241,15
242,46
243,11
244,32
245,77
246,15
247,42
248,6
249,19
250,51
251,9
252,29
253,72
254,13
255,43
256,6
257,20
258,52
259,7
260,28
261,4
262,11
263,36
264,7
265,16
266,32
267,9
268,26
269,5
270,11
271,30
272,6
273,20
274,2
275,8
276,29
277,3
278,11
279,2
280,5
281,13
282,1
283,6
284,22
285,2
286,9
287,0
288,2
289,13
290,0
291,2
292,0
293,0
294,6
295,0
296,2
297,7
298,0
299,2
300,0
301,0
302,9
303,0
304,3
305,0
306,2
307,10
308,1
309,3
310,0
311,2
312,7
313,0
314,2
315,7
316,0
317,3
318,0
319,0
320,4
321,0
322,2
323,0
324,1
325,4
326,0
327,0
328,3
329,0
330,1
331,0
332,0
333,3
334,0
335,1
336,0
337,0
338,1
339,0
340,1
341,0
342,0
343,0
344,0
345,0
346,0
347,0
348,0
349,0
350,0
351,1
352,0
353,0
354,0
355,0
356,0
357,0
358,0
359,0
360,0
361,0
362,0
363,0
364,0
365,0
366,0
367,0
368,0
369,0
370,0
371,0
372,0
373,0
374,0
375,0
376,0
377,0
378,0
379,0
380,0
381,0
382,0
383,0
384,0
385,0
386,0
387,0
388,0
389,0
390,0
391,0
392,0
393,0
394,0
395,0
396,0
397,0
398,0
399,0
400,0
401,0
402,0
403,0
404,0
405,0
406,0
407,0
408,0
409,0
410,0
411,0
412,0
413,0
414,0
415,0
416,0
417,0
418,0
419,0
420,0
421,0
422,0
423,0
424,0
425,0
426,0
427,0
428,0
429,0
430,0
431,0
432,0
433,0
434,0
435,0
436,0
437,0
438,0
439,0
440,0
441,0
442,0
443,0
444,0
445,0
446,0
447,0
448,0
449,0
450,0
451,0
452,0
453,0
454,0
455,0
456,0
457,0
458,0
459,0
460,0
461,0
462,0
463,0
464,0
465,0
466,0
467,0
468,0
469,0
470,0
471,0
472,0
473,0
474,0
475,0
476,0
477,0
478,0
479,0
480,0
481,0
482,0
483,0
484,0
485,0
486,0
487,0
488,0
489,0
490,0
491,0
492,0
493,0
494,0
495,0
496,0
497,0
498,0
499,0
500,0
501,0
502,0
503,0
504,0
505,0
506,0
507,0
508,0
509,0
510,0
511,0
512,0
513,0
514,0
515,0
516,0
517,0
518,0
519,0
520,0
521,0
522,0
523,0
524,0
525,0
526,0
527,0
528,0
529,0
530,0
531,0
532,0
533,0
534,0
535,0
536,0
537,0
538,0
539,0
540,0
541,0
542,0
543,0
544,0
545,0
546,0
547,0
548,0
549,0
550,0
551,0
552,0
553,0
554,0
555,0
556,0
557,0
558,0
559,0
560,0
561,0
562,0
563,0
564,0
565,0
566,0
567,0
568,0
569,0
570,0
571,0
572,0
573,0
574,0
575,0
576,0
577,0
578,0
579,0
580,0
581,0
582,0
583,0
584,0
585,0
586,0
587,0
588,0
589,0
590,0
591,0
592,0
593,0
594,0
595,0
596,0
597,0
598,0
599,0
600,0
601,0
602,0
603,0
604,0
605,0
606,0
607,0
608,0
609,0
610,0
611,0
612,0
613,0
614,0
615,0
616,0
617,0
618,0
619,0
620,0
621,0
622,0
623,0
624,0
625,0
626,0
627,0
628,0
629,0
630,0
631,0
632,0
633,0
634,0
635,0
636,0
637,0
638,0
639,0
640,0
641,0
642,0
643,0
644,0
645,0
646,0
647,0
648,0
649,0
650,0
651,0
652,0
653,0
654,0
655,0
656,0
657,0
658,0
659,0
660,0
661,0
662,0
663,0
664,0
665,0
666,0
667,0
668,0
669,0
670,0
671,0
672,0
673,0
674,0
675,0
676,0
677,0
678,0
679,0
680,0
681,0
682,0
683,0
684,0
685,0
686,0
687,0
688,0
689,0
690,0
691,0
692,0
693,0
694,0
695,0
696,0
697,0
698,0
699,0
700,0
701,0
702,0
703,0
704,0
705,0
706,0
707,0
708,0
709,0
710,0
711,0
712,0
713,0
714,0
715,0
716,0
717,0
718,0
719,0
720,0
721,0
722,0
723,0
724,0
725,0
726,0
727,0
728,0
729,0
730,0
731,0
732,0
733,0
734,0
735,0
736,0
737,0
738,0
739,0
740,0
741,0
742,0
743,0
744,0
745,0
746,0
747,0
748,0
749,0
750,0
751,0
752,0
753,0
754,0
755,0
756,0
757,0
758,0
759,0
760,0
761,0
762,0
763,0
764,0
765,0
766,0
767,0
768,0
769,0
770,0
771,0
772,0
773,0
774,0
775,0
776,0
777,0
778,0
779,0
780,0
781,0
782,0
783,0
784,0
785,0
786,0
787,0
788,0
789,0
790,0
791,0
792,0
793,0
794,0
795,0
796,0
797,0
798,0
799,0
800,0
801,0
802,0
803,0
804,0
805,0
806,0
807,0
808,0
809,0
810,0
811,0
812,0
813,0
814,0
815,0
816,0
817,0
818,0
819,0
820,0
821,0
822,0
823,0
824,0
825,0
826,0
827,0
828,0
829,0
830,0
831,0
832,0
833,0
834,0
835,0
836,0
837,0
838,0
839,0
840,0
841,0
842,0
843,0
844,0
845,0
846,0
847,0
848,0
849,0
850,0
851,0
852,0
853,0
854,0
855,0
856,0
857,0
858,0
859,0
860,0
861,0
862,0
863,0
864,0
865,0
866,0
867,0
868,0
869,0
870,0
871,0
872,0
873,0
874,0
875,0
876,0
877,0
878,0
879,0
880,0
881,0
882,0
883,0
884,0
885,0
886,0
887,0
888,0
889,0
890,0
891,0
892,0
893,0
894,0
895,0
896,0
897,0
898,0
899,0
900,0
901,0
902,0
903,0
904,0
905,0
906,0
907,0
908,0
909,0
910,0
911,0
912,0
913,0
914,0
915,0
916,0
917,0
918,0
919,0
920,0
921,0
922,0
923,0
924,0
925,0
926,0
927,0
928,0
929,0
930,0
931,0
932,0
933,0
934,0
935,0
936,0
937,0
938,0
939,0
940,0
941,0
942,0
943,0
944,0
945,0
946,0
947,0
948,0
949,0
950,0
951,0
952,0
953,0
954,0
955,0
956,0
957,0
958,0
959,0
960,0
961,0
962,0
963,0
964,0
965,0
966,0
967,0
968,0
969,0
970,0
971,0
972,0
973,0
974,0
975,0
976,0
977,0
978,0
979,0
980,0
981,0
982,0
983,0
984,0
985,0
986,0
987,0
988,0
989,0
990,0
991,0
992,0
993,0
994,0
995,0
996,0
997,0
998,0
999,0
