0,0
1,0
2,1
3,1
4,1
5,1
6,2
7,2
8,4
9,5
10,6
11,6
12,8
13,11
14,14
15,17
16,26
17,30
18,38
19,45
20,59
21,76
22,92
23,120
24,150
25,187
26,237
27,291
28,370
29,463
30,549
31,700
32,896
33,993
34,1307
35,1344
36,1748
37,2328
38,2246
39,3013
40,2675
41,3637
42,4956
43,4122
44,5769
45,6516
46,6343
47,8965
48,6562
49,9569
50,13776
51,9656
52,14289
53,9220
54,13871
55,20688
56,12926
57,19844
58,19780
59,18183
60,28120
61,15683
62,25063
63,39486
64,21719
65,34793
66,17949
67,29475
68,47729
69,24121
70,40096
71,37060
72,32380
73,53984
74,25301
75,43303
76,63130
77,33638
78,57961
79,25451
80,44615
81,77346
82,33487
83,59191
84,33013
85,44198
86,78796
87,32294
88,58654
89,86405
90,42409
91,77174
92,30121
93,55927
94,101989
95,39315
96,73381
97,27175
98,51709
99,96477
100,35443
101,67827
102,86979
103,46616
104,88810
105,31563
106,61224
107,105232
108,41470
109,80346
110,27677
111,54371
112,105261
113,36345
114,71601
115,59769
116,47686
117,93793
118,31473
119,62773
120,112113
121,41455
122,82644
123,27104
124,54569
125,109012
126,35917
127,72227
128,23305
129,47319
130,94990
131,30987
132,62585
133,88476
134,41007
135,82815
136,26990
137,54413
138,107408
139,36110
140,72818
141,23907
142,48149
143,96562
144,31941
145,64189
146,72341
147,42401
148,85078
149,28186
150,56582
151,107601
152,37645
153,75572
154,25196
155,50183
156,100494
157,33577
158,67431
159,22469
160,44821
161,89523
162,29829
163,59756
164,105418
165,39754
166,79289
167,26186
168,52744
169,105616
170,34727
171,70043
172,22764
173,46082
174,92831
175,30254
176,61252
177,72758
178,40032
179,81169
180,25839
181,52768
182,104146
183,34263
184,69873
185,21958
186,45081
187,92202
188,28685
189,59346
190,24286
191,37880
192,78413
193,24030
194,50263
195,100166
196,31775
197,66296
198,19941
199,42238
200,88077
201,26343
202,55578
203,16344
204,34795
205,73394
206,21458
207,45791
208,69811
209,28431
210,60822
211,17369
212,37511
213,78883
214,22882
215,49807
216,13751
217,30295
218,65530
219,18031
220,40011
221,16608
222,23999
223,52696
224,14115
225,31576
226,68364
227,18598
228,41964
229,10710
230,24692
231,55356
232,14244
233,32693
234,8100
235,18961
236,43508
237,10951
238,25587
239,51323
240,14583
241,33805
242,8236
243,19596
244,44336
245,11028
246,26148
247,6275
248,14931
249,35026
250,8412
251,20238
252,11417
253,11460
254,27010
255,6347
256,15355
257,35795
258,8752
259,20861
260,4853
261,11795
262,27881
263,6587
264,15916
265,3649
266,8970
267,21476
268,5043
269,12217
270,27273
271,6917
272,16604
273,3842
274,9332
275,22347
276,5210
277,12714
278,2796
279,7005
280,17184
281,3885
282,9615
283,10003
284,5309
285,13039
286,2940
287,7262
288,17566
289,3979
290,9909
291,2118
292,5415
293,13553
294,2920
295,7430
296,1517
297,3967
298,10080
299,2084
300,5515
301,13368
302,2945
303,7480
304,1593
305,4063
306,10295
307,2206
308,5653
309,1168
310,3088
311,7857
312,1695
313,4340
314,6809
315,2317
316,5879
317,1212
318,3171
319,7964
320,1699
321,4363
322,884
323,2354
324,6009
325,1221
326,3260
327,980
328,1697
329,4481
330,887
331,2353
332,6155
333,1261
334,3309
335,643
336,1748
337,4648
338,894
339,2455
340,455
341,1239
342,3426
343,667
344,1781
345,3626
346,916
347,2468
348,468
349,1320
350,3518
351,664
352,1800
353,327
354,918
355,2497
356,463
357,1299
358,435
359,658
360,1840
361,318
362,962
363,2615
364,488
365,1360
366,236
367,718
368,1926
369,344
370,954
371,150
372,452
373,1285
374,228
375,648
376,1688
377,323
378,929
379,157
380,464
381,1324
382,241
383,689
384,120
385,347
386,979
387,179
388,516
389,376
390,250
391,731
392,126
393,352
394,1009
395,172
396,515
397,58
398,251
399,744
400,126
401,371
402,50
403,176
404,534
405,74
406,255
407,733
408,125
409,368
410,55
411,173
412,542
413,81
414,251
415,33
416,115
417,367
418,51
419,189
420,242
421,92
422,290
423,50
424,145
425,394
426,74
427,200
428,27
429,89
430,292
431,34
432,126
433,22
434,61
435,188
436,26
437,85
438,284
439,46
440,140
441,19
442,63
443,219
444,35
445,111
446,18
447,53
448,160
449,21
450,71
451,145
452,27
453,92
454,13
455,48
456,165
457,24
458,86
459,9
460,40
461,118
462,13
463,56
464,20
465,13
466,68
467,7
468,24
469,95
470,13
471,45
472,6
473,18
474,67
475,11
476,34
477,6
478,20
479,59
480,6
481,21
482,63
483,7
484,30
485,3
486,11
487,41
488,5
489,17
490,5
491,11
492,34
493,5
494,19
495,4
496,9
497,20
498,3
499,11
500,35
501,6
502,20
503,3
504,9
505,28
506,5
507,14
508,2
509,7
510,24
511,5
512,12
513,28
514,7
515,17
516,2
517,10
518,29
519,5
520,21
521,2
522,8
523,22
524,6
525,16
526,3
527,7
528,19
529,7
530,14
531,34
532,7
533,19
534,2
535,7
536,20
537,0
538,5
539,0
540,1
541,10
542,0
543,5
544,20
545,1
546,8
547,0
548,2
549,10
550,2
551,9
552,0
553,1
554,9
555,1
556,3
557,6
558,3
559,6
560,1
561,4
562,11
563,1
564,5
565,0
566,3
567,11
568,0
569,3
570,0
571,0
572,4
573,0
574,1
575,4
576,0
577,3
578,0
579,0
580,4
581,0
582,1
583,0
584,1
585,2
586,0
587,1
588,2
589,0
590,1
591,0
592,0
593,1
594,0
595,1
596,0
597,1
598,2
599,0
600,0
601,1
602,0
603,1
604,0
605,0
606,2
607,0
608,1
609,0
610,0
611,1
612,0
613,2
614,0
615,0
616,3
617,0
618,0
619,0
620,0
621,1
622,0
623,0
624,0
625,0
626,0
627,0
628,0
629,0
630,0
631,0
632,0
633,0
634,0
635,0
636,0
637,0
638,0
639,0
640,0
641,0
642,0
643,0
644,0
645,0
646,0
647,0
648,0
649,0
650,0
651,0
652,0
653,0
654,0
655,0
656,0
657,0
658,0
659,0
660,0
661,0
662,0
663,1
664,0
665,1
666,0
667,0
668,2
669,0
670,0
671,0
672,0
673,0
674,0
675,0
676,0
677,0
678,0
679,0
680,0
681,0
682,0
683,0
684,0
685,0
686,1
687,0
688,0
689,0
690,0
691,0
692,0
693,0
694,0
695,0
696,0
697,0
698,0
699,0
700,0
701,0
702,0
703,0
704,0
705,0
706,0
707,0
708,0
709,0
710,0
711,0
712,0
713,0
714,0
715,0
716,0
717,0
718,0
719,0
720,0
721,0
722,0
723,0
724,0
725,0
726,0
727,0
728,0
729,0
730,0
731,0
732,0
733,0
734,0
735,0
736,0
737,0
738,0
739,0
740,0
741,0
742,0
743,0
744,0
745,0
746,0
747,0
748,0
749,0
750,0
751,0
752,0
753,0
754,0
755,0
756,0
757,0
758,0
759,0
760,0
761,0
762,0
763,0
764,0
765,0
766,0
767,0
768,0
769,0
770,0
771,0
772,0
773,0
774,0
775,0
776,0
777,0
778,0
779,0
780,0
781,0
782,0
783,0
784,0
785,0
786,0
787,0
788,0
789,0
790,0
791,0
792,0
793,0
794,0
795,0
796,0
797,0
798,0
799,0
800,0
801,0
802,0
803,0
804,0
805,0
806,0
807,0
808,0
809,0
810,0
811,0
812,0
813,0
814,0
815,0
816,0
817,0
818,0
819,0
820,0
821,0
822,0
823,0
824,0
825,0
826,0
827,0
828,0
829,0
830,0
831,0
832,0
833,0
834,0
835,0
836,0
837,0
838,0
839,0
840,0
841,0
842,0
843,0
844,0
845,0
846,0
847,0
848,0
849,0
850,0
851,0
852,0
853,0
854,0
855,0
856,0
857,0
858,0
859,0
860,0
861,0
862,0
863,0
864,0
865,0
866,0
867,0
868,0
869,0
870,0
871,0
872,0
873,0
874,0
875,0
876,0
877,0
878,0
879,0
880,0
881,0
882,0
883,0
884,0
885,0
886,0
887,0
888,0
889,0
890,0
891,0
892,0
893,0
894,0
895,0
896,0
897,0
898,0
899,0
900,0
901,0
902,0
903,0
904,0
905,0
906,0
907,0
908,0
909,0
910,0
911,0
912,0
913,0
914,0
915,0
916,0
917,0
918,0
919,0
920,0
921,0
922,0
923,0
924,0
925,0
926,0
927,0
928,0
929,0
930,0
931,0
932,0
933,0
934,0
935,0
936,0
937,0
938,0
939,0
940,0
941,0
942,0
943,0
944,0
945,0
946,0
947,0
948,0
949,0
950,0
951,0
952,0
953,0
954,0
955,0
956,0
957,0
958,0
959,0
960,0
961,0
962,0
963,0
964,0
965,0
966,0
967,0
968,0
969,0
970,0
971,0
972,0
973,0
974,0
975,0
976,0
977,0
978,0
979,0
980,0
981,0
982,0
983,0
984,0
985,0
986,0
987,0
988,0
989,0
990,0
991,0
992,0
993,0
994,0
995,0
996,0
997,0
998,0
999,0