0,0
1,0
2,1
3,1
4,1
5,1
6,2
7,2
8,4
9,4
10,6
11,6
12,8
13,10
14,14
15,18
16,24
17,29
18,36
19,44
20,58
21,72
22,91
23,113
24,143
25,178
26,226
27,275
28,353
29,447
30,516
31,666
32,854
33,946
34,1236
35,1257
36,1660
37,2192
38,2098
39,2840
40,2501
41,3423
42,4682
43,3894
44,5460
45,6160
46,5983
47,8491
48,6204
49,9039
50,13057
51,9142
52,13489
53,8725
54,13223
55,19776
56,12316
57,18910
58,18890
59,17289
60,26808
61,15104
62,24076
63,37855
64,20767
65,33364
66,17201
67,28357
68,45994
69,23194
70,38572
71,35789
72,31302
73,52263
74,24457
75,41905
76,61020
77,32581
78,56121
79,24568
80,43328
81,75101
82,32442
83,57416
84,32059
85,42867
86,76263
87,31212
88,56695
89,83708
90,41041
91,74803
92,29161
93,54019
94,98828
95,38063
96,71007
97,26317
98,50079
99,93662
100,34427
101,65592
102,84468
103,45182
104,86195
105,30585
106,59297
107,102316
108,40179
109,77944
110,26725
111,52746
112,102387
113,35180
114,69305
115,58058
116,46168
117,91186
118,30412
119,60871
120,108812
121,40213
122,80246
123,26237
124,52894
125,105753
126,34714
127,70008
128,22587
129,45843
130,92295
131,29941
132,60685
133,85957
134,39760
135,80393
136,26102
137,52923
138,104377
139,34878
140,70470
141,23072
142,46651
143,93945
144,30928
145,62173
146,70388
147,41090
148,82776
149,27251
150,54857
151,104583
152,36460
153,73273
154,24362
155,48729
156,97736
157,32578
158,65275
159,21737
160,43498
161,87026
162,28969
163,57964
164,102399
165,38534
166,77185
167,25427
168,51167
169,102622
170,33674
171,68010
172,22063
173,44675
174,90179
175,29383
176,59513
177,70769
178,38893
179,78890
180,25093
181,51301
182,101461
183,33255
184,68004
185,21235
186,43827
187,89822
188,27962
189,57789
190,23593
191,36883
192,76505
193,23323
194,48861
195,97847
196,30842
197,64624
198,19320
199,41037
200,85816
201,25588
202,54083
203,15830
204,33804
205,71455
206,20817
207,44568
208,68136
209,27573
210,59251
211,16878
212,36533
213,76933
214,22208
215,48365
216,13304
217,29438
218,63808
219,17546
220,38769
221,16161
222,23266
223,51311
224,13654
225,30704
226,66551
227,18058
228,40734
229,10375
230,23897
231,53798
232,13759
233,31752
234,7851
235,18424
236,42339
237,10605
238,24765
239,49951
240,14178
241,32890
242,7996
243,18955
244,43141
245,10741
246,25385
247,6061
248,14521
249,34098
250,8164
251,19570
252,11072
253,11084
254,26217
255,6164
256,14938
257,34848
258,8476
259,20241
260,4686
261,11440
262,27137
263,6393
264,15434
265,3531
266,8688
267,20872
268,4883
269,11839
270,26567
271,6710
272,16135
273,3710
274,9039
275,21725
276,5043
277,12324
278,2714
279,6794
280,16737
281,3761
282,9336
283,9683
284,5145
285,12662
286,2843
287,7064
288,17076
289,3860
290,9616
291,2045
292,5272
293,13146
294,2827
295,7197
296,1459
297,3826
298,9753
299,2030
300,5298
301,13005
302,2847
303,7256
304,1525
305,3941
306,9992
307,2131
308,5476
309,1119
310,2975
311,7598
312,1634
313,4186
314,6611
315,2249
316,5723
317,1167
318,3079
319,7740
320,1652
321,4209
322,858
323,2267
324,5839
325,1177
326,3157
327,947
328,1648
329,4345
330,845
331,2268
332,5955
333,1215
334,3222
335,624
336,1702
337,4503
338,859
339,2358
340,435
341,1199
342,3326
343,635
344,1708
345,3522
346,886
347,2408
348,449
349,1263
350,3405
351,631
352,1732
353,314
354,887
355,2421
356,442
357,1250
358,418
359,636
360,1772
361,311
362,904
363,2525
364,468
365,1313
366,233
367,691
368,1855
369,329
370,924
371,147
372,432
373,1253
374,214
375,618
376,1642
377,303
378,891
379,150
380,448
381,1270
382,227
383,659
384,118
385,339
386,957
387,174
388,499
389,364
390,249
391,707
392,117
393,345
394,982
395,161
396,499
397,55
398,237
399,727
400,120
401,356
402,50
403,169
404,513
405,75
406,242
407,711
408,119
409,356
410,53
411,171
412,524
413,77
414,239
415,30
416,110
417,352
418,48
419,177
420,232
421,86
422,277
423,47
424,143
425,388
426,68
427,199
428,25
429,87
430,284
431,32
432,120
433,19
434,57
435,184
436,26
437,82
438,270
439,42
440,134
441,19
442,60
443,207
444,34
445,107
446,17
447,50
448,150
449,21
450,66
451,138
452,27
453,92
454,13
455,49
456,160
457,24
458,80
459,9
460,36
461,114
462,12
463,53
464,20
465,14
466,65
467,6
468,24
469,93
470,13
471,42
472,6
473,18
474,64
475,10
476,33
477,6
478,20
479,57
480,4
481,21
482,61
483,6
484,28
485,3
486,11
487,37
488,4
489,16
490,4
491,10
492,33
493,5
494,16
495,4
496,9
497,19
498,3
499,10
500,33
501,5
502,19
503,3
504,9
505,26
506,5
507,14
508,2
509,7
510,23
511,5
512,10
513,25
514,6
515,18
516,2
517,9
518,30
519,5
520,19
521,2
522,8
523,23
524,6
525,15
526,3
527,7
528,19
529,6
530,14
531,33
532,7
533,18
534,2
535,7
536,19
537,0
538,5
539,0
540,1
541,10
542,0
543,5
544,19
545,1
546,7
547,0
548,2
549,10
550,2
551,7
552,0
553,1
554,9
555,1
556,3
557,5
558,3
559,6
560,1
561,3
562,10
563,1
564,4
565,0
566,3
567,10
568,0
569,3
570,0
571,0
572,4
573,0
574,1
575,4
576,0
577,3
578,0
579,0
580,4
581,0
582,1
583,0
584,1
585,2
586,0
587,1
588,2
589,0
590,1
591,0
592,0
593,1
594,0
595,1
596,0
597,1
598,2
599,0
600,0
601,1
602,0
603,1
604,0
605,0
606,2
607,0
608,1
609,0
610,0
611,1
612,0
613,1
614,0
615,0
616,2
617,0
618,0
619,0
620,0
621,1
622,0
623,0
624,0
625,0
626,0
627,0
628,0
629,0
630,0
631,0
632,0
633,0
634,0
635,0
636,0
637,0
638,0
639,0
640,0
641,0
642,0
643,0
644,0
645,0
646,0
647,0
648,0
649,0
650,0
651,0
652,0
653,0
654,0
655,0
656,0
657,0
658,0
659,0
660,0
661,0
662,0
663,1
664,0
665,1
666,0
667,0
668,1
669,0
670,0
671,0
672,0
673,0
674,0
675,0
676,0
677,0
678,0
679,0
680,0
681,0
682,0
683,0
684,0
685,0
686,1
687,0
688,0
689,0
690,0
691,0
692,0
693,0
694,0
695,0
696,0
697,0
698,0
699,0
700,0
701,0
702,0
703,0
704,0
705,0
706,0
707,0
708,0
709,0
710,0
711,0
712,0
713,0
714,0
715,0
716,0
717,0
718,0
719,0
720,0
721,0
722,0
723,0
724,0
725,0
726,0
727,0
728,0
729,0
730,0
731,0
732,0
733,0
734,0
735,0
736,0
737,0
738,0
739,0
740,0
741,0
742,0
743,0
744,0
745,0
746,0
747,0
748,0
749,0
750,0
751,0
752,0
753,0
754,0
755,0
756,0
757,0
758,0
759,0
760,0
761,0
762,0
763,0
764,0
765,0
766,0
767,0
768,0
769,0
770,0
771,0
772,0
773,0
774,0
775,0
776,0
777,0
778,0
779,0
780,0
781,0
782,0
783,0
784,0
785,0
786,0
787,0
788,0
789,0
790,0
791,0
792,0
793,0
794,0
795,0
796,0
797,0
798,0
799,0
800,0
801,0
802,0
803,0
804,0
805,0
806,0
807,0
808,0
809,0
810,0
811,0
812,0
813,0
814,0
815,0
816,0
817,0
818,0
819,0
820,0
821,0
822,0
823,0
824,0
825,0
826,0
827,0
828,0
829,0
830,0
831,0
832,0
833,0
834,0
835,0
836,0
837,0
838,0
839,0
840,0
841,0
842,0
843,0
844,0
845,0
846,0
847,0
848,0
849,0
850,0
851,0
852,0
853,0
854,0
855,0
856,0
857,0
858,0
859,0
860,0
861,0
862,0
863,0
864,0
865,0
866,0
867,0
868,0
869,0
870,0
871,0
872,0
873,0
874,0
875,0
876,0
877,0
878,0
879,0
880,0
881,0
882,0
883,0
884,0
885,0
886,0
887,0
888,0
889,0
890,0
891,0
892,0
893,0
894,0
895,0
896,0
897,0
898,0
899,0
900,0
901,0
902,0
903,0
904,0
905,0
906,0
907,0
908,0
909,0
910,0
911,0
912,0
913,0
914,0
915,0
916,0
917,0
918,0
919,0
920,0
921,0
922,0
923,0
924,0
925,0
926,0
927,0
928,0
929,0
930,0
931,0
932,0
933,0
934,0
935,0
936,0
937,0
938,0
939,0
940,0
941,0
942,0
943,0
944,0
945,0
946,0
947,0
948,0
949,0
950,0
951,0
952,0
953,0
954,0
955,0
956,0
957,0
958,0
959,0
960,0
961,0
962,0
963,0
964,0
965,0
966,0
967,0
968,0
969,0
970,0
971,0
972,0
973,0
974,0
975,0
976,0
977,0
978,0
979,0
980,0
981,0
982,0
983,0
984,0
985,0
986,0
987,0
988,0
989,0
990,0
991,0
992,0
993,0
994,0
995,0
996,0
997,0
998,0
999,0